strict digraph  {
0;
1;
2;
3;
4;
5;
6;
7;
8;
9;
10;
11;
12;
13;
14;
15;
16;
17;
18;
19;
20;
21;
22;
23;
24;
25;
26;
27;
28;
29;
30;
31;
32;
33;
34;
35;
36;
37;
38;
39;
40;
41;
42;
43;
44;
45;
46;
47;
48;
49;
0 -> 25;
0 -> 29;
0 -> 31;
0 -> 44;
0 -> 49;
1 -> 3;
1 -> 23;
1 -> 33;
1 -> 45;
2 -> 4;
2 -> 6;
2 -> 7;
2 -> 13;
2 -> 14;
2 -> 19;
2 -> 20;
2 -> 39;
2 -> 43;
3 -> 4;
3 -> 5;
3 -> 7;
3 -> 10;
3 -> 13;
3 -> 16;
3 -> 22;
3 -> 28;
3 -> 33;
3 -> 36;
3 -> 39;
3 -> 43;
4 -> 7;
4 -> 9;
4 -> 10;
4 -> 11;
4 -> 12;
4 -> 14;
4 -> 15;
4 -> 19;
4 -> 22;
4 -> 29;
4 -> 37;
5 -> 27;
5 -> 36;
7 -> 14;
7 -> 17;
7 -> 19;
7 -> 22;
7 -> 29;
7 -> 36;
7 -> 38;
8 -> 10;
8 -> 26;
9 -> 12;
9 -> 17;
9 -> 18;
9 -> 21;
9 -> 24;
9 -> 30;
9 -> 48;
10 -> 15;
10 -> 26;
10 -> 49;
11 -> 34;
12 -> 17;
12 -> 24;
12 -> 37;
13 -> 39;
14 -> 19;
14 -> 22;
14 -> 26;
14 -> 41;
16 -> 17;
16 -> 39;
16 -> 42;
17 -> 19;
17 -> 20;
17 -> 22;
17 -> 23;
17 -> 24;
17 -> 28;
17 -> 33;
17 -> 36;
17 -> 39;
17 -> 45;
18 -> 21;
18 -> 30;
18 -> 48;
19 -> 22;
19 -> 31;
19 -> 32;
19 -> 35;
21 -> 30;
21 -> 38;
21 -> 48;
22 -> 25;
22 -> 32;
22 -> 39;
22 -> 43;
23 -> 40;
25 -> 35;
25 -> 41;
25 -> 49;
26 -> 41;
28 -> 33;
29 -> 31;
29 -> 35;
29 -> 41;
29 -> 42;
30 -> 31;
30 -> 37;
30 -> 38;
30 -> 45;
30 -> 48;
31 -> 38;
33 -> 34;
35 -> 38;
39 -> 42;
39 -> 43;
44 -> 46;
44 -> 47;
}
